$ANSIBLE_VAULT;1.1;AES256
30633834303237633630373038353961643139656535393030383761346365636562383334313337
6138386564396534376337646665646136666263653731380a333066363138393036333663313531
31666231386562353964373534623933303431623031616464636663346238363163323132353364
3662343561326239370a306465303737356163643664623936383130636263656230626634633535
64313439616538393365393763633235616663313365383330363732666237623137306364666362
64633232653061626237336362316462656262356536303762373731303836336161373062326434
62396332616336373361616335393634653236383366306537663061396138643636383036346263
35353964653139656165373031623465653062623634363334386337316666306562663134666637
61363135633762666134623536393066373163356230386263663764663330356237386664653464
64613437336661343535663735333334373132626332663561613635663337626635343166343735
36633334663439326438616432643462323333656166303032633637383836323130643665653636
33323461653063643233326165323339353430623432376462346434363237336266373031353861
66613132313031333463376461623039353562323432633937666131393863663133383333653535
35316162653436306139356465633865626565326666386631323433313132326264346334333937
35623935623363376236643761363335373032346634386163353136353535636332666531336435
36373336366462653139646237323066623462323063616531373464343538663037336666646630
65356462353837653162316338366161646165646439353938303031333933303464623936396130
39343536336632666430653739613365343437373264646433393238663566646331393831396430
62343564653461366366653462366563646539613161303532393838613466393963303165616161
36386537393662386265316265663839663435316131356566613938396166303431333163356463
37393833663638613637303135323562346131303132366661386132356231356266303131356361
36376331653330306265363564323037313630613161353464316536636430643232613837333161
64326264303662313736613132336237613231343666636634626539363634633066623664666330
36643066636233393566306630656532386438663862633465323863376233623434353436326437
62613636323533316336303761396161393861643531346532353637373365633561363534383663
31663538616134383033366366613832326231383535343433333163363239626638623435386337
66633131663531383134656237343465613564636363333666383462356362363566396132356165
37363635303961613033626465333530626566373564326264366237623035386365383232353961
36313338316336613164373834616439646633333632353437373464303366633332386237346365
38656139623230613837363837383134343734633963633435623164356462333030373132656139
66663636666136663961613166373430376662326166336134326234373933633235636635633439
32396563626536636132323562373866373263623834333561626230633138376235623530663933
65336534323830313838656562323732396332383466653332613162313265636339
